c generated centroid group used in Tour.exe
t groups
c  Initialize group gh
m gh
a   gh0:  all
c  Fill group gh
a gh:  'Centroid group for macro/exe interaction'
a   gh1:    51    52    53    54    55    56    57    58    59
a   gh1:    60    61    62    63    64    65    66    67    68
a   gh1:    69    81    82    83    84    85    86    87    88
a   gh1:   101   102   103   104   105   106   107   108   109
a   gh1:   110   111   112   113   114   115   116   117   118
a   gh1:   201   202   203   204   205   206   207   208   209
a   gh1:   210   211   212   213   214   215   216   217   218
a   gh1:   219   220   221   222   223   224   225   226   227
a   gh1:   228   229   230   231   232   233   234   235   236
a   gh1:   237   238   239   240   241   242   243   244   245
a   gh1:   301   302   303   304   305   306   307   308   309
a   gh1:   310   311   312   313   314   315   316   317   318
a   gh1:   319   320   321   322   323   324   325   326   327
a   gh1:   328   329   330   331   332   333   334   335   336
a   gh1:   337   338   401   402   403   404   405   406   407
a   gh1:   408   409   410   411   412   413   414   415   416
a   gh1:   417   418   419   420   421   422   423   501   502
a   gh1:   503   504   505   506   507   508   509   510   511
a   gh1:   512   513   514   601   602   603   604   605   606
a   gh1:   607   608   609   610   611   612   613   701   702
a   gh1:   703   704   705   706   707   708   709   710   711
a   gh1:   712   713   714   715   716   717   718   719   720
a   gh1:   721   722   723   724   725   726   727   801   802
a   gh1:   803   804   805   806   807   808   809   901   902
a   gh1:   903   904   905   906   907   908   909   910   911
a   gh1:   912   913   914   915   916   917   918   919   920
a   gh1:   921   922   923   924   925  1001  1002  1003  1004
a   gh1:  1005  1006  1101  1102  1103  1104  1105  1106  1107
a   gh1:  1201  1202  1203  1204  1205  1206  1207  1208  1209
a   gh1:  1210  1211  1212  1213  1214  1215  1216  1217  1218
a   gh1:  1219  1220  1221  1222  1223  1224  1225  1226  1227
a   gh1:  1302  1303  1304  1305  1306  1307  1308  1309  1310
a   gh1:  1311  1312  1313  1401  1402  1403  1404  1405  1406
a   gh1:  1407  1408  1409  1410  1411  1412  1413  1414  1415
a   gh1:  1416  1417  1418  1501  1502  1503  1504  1505  1506
a   gh1:  1507  1508  1509  1510  1511  1512  1513  1514  1515
a   gh1:  1516  1517  1518  1519  1520  1521  1522  1523  1524
a   gh1:  1601  1602  1603  1604  1605  1606  1607  1608  1609
a   gh1:  1610  1611  1612  1613  1614  1615  1616  1617  1618
a   gh1:  1619  1620  1621  1622  1623  1624  1625  1626  1627
a   gh1:  1628  1629  1630  1631  1632  1633  1634  1635  1636
a   gh1:  1637  1638  1639  1640  1641  1701  1702  1703  1704
a   gh1:  1705  1706  1707  1708  1709  1710  1711  1712  1713
a   gh1:  1714  1715  1716  1717  1718  1719  1720  1721  1722
a   gh1:  1723  1724  1725  1726  1727  1728  1729  1730  1731
a   gh1:  1732  1733  1734  1735  1736  1737  1738  1739  1740
a   gh1:  1741  1742  1743  1744  1745  1746  1747  1748  1749
a   gh1:  1750  1751  1801  1802  1803  1804  1805  1806  1807
a   gh1:  1808  1809  1810  1811  1812  1813  1814  1815  1816
a   gh1:  1817  1901  1902  1903  1904  1905  1906  1907  1908
a   gh1:  1909  1910  1911  1912  1913  1914  1915  1916  1917
a   gh1:  1918  1919  1920  1921  1922  1923  1924  1925  1926
a   gh1:  1927  1928  1929  1930  1931  1932  1933  1934  1935
a   gh1:  1936  1937  1938  2001  2002  2003  2004  2005  2006
a   gh1:  2007  2008  2009  2010  2011  2012  2013  2101  2102
a   gh1:  2103  2104  2105  2106  2107  2108  2109  2110  2111
a   gh1:  2112  2201  2202  2203  2204  2205  2206  2207  2208
a   gh1:  2209  2210  2211  2212  2213  2214  2215  2216  2217
a   gh1:  2218  2219  2220  2221  2222  2301  2302  2303  2304
a   gh1:  2305  2306  2307  2401  2402  2403  2404  2405  2406
a   gh1:  2407  2408  2409  2410  2411  2412  2413  2414  2415
a   gh1:  2416  2417  2418  2419  2420  2421  2422  2423  2424
a   gh1:  2425  2426  2427  2501  2502  2503  2504  2505  2506
a   gh1:  2507  3001  3002  3003  3004  3005  3006  3007  3008
a   gh1:  3009  3010  3011  3012  3013  3101  3102  3103  3104
a   gh1:  3105  3106  3107  3108  3109  3110  3111  3201  3202
a   gh1:  3203  3204  3205  3206  3207  3208  3209  3210  3211
a   gh1:  3212  3213  3214  3215  3216  3301  3302  3303  3304
a   gh1:  3305  3306  3307  3308  3309  3310  3311  3312  3313
a   gh1:  3314  3315  3316  3317  3318  3319  3320  3321  3322
a   gh1:  3401  3402  3403  3404  3405  3406  3407  3408  3409
a   gh1:  3410  3411  3412  3413  3414  3415  3416  3417  3418
a   gh1:  3419  3420  3421  3422  3423  3424  3425  3426  3427
a   gh1:  3428  3429  3430  3501  3502  3503  3504  3505  3506
a   gh1:  3507  3508  3509  3510  3511  3512  3513  3514  3515
a   gh1:  3516  3517  3518  3519  3520  3521  3522  3523  3524
a   gh1:  3525  3526  3527  3528  3529  3530  3531  3532  3601
a   gh1:  3602  3603  3604  3605  3606  3607  3608  3609  3610
a   gh1:  3611  3612  3613  3614  3615  3616  3617  3618  3619
a   gh1:  3620  3621  3622  3623  3624  3625  3626  3627  3628
a   gh1:  3701  3702  3703  3704  3705  3706  3707  3708  3709
a   gh1:  3710  3711  3712  3713  3801  3802  3803  3804  3805
a   gh1:  3806  3807  3808  3809  3810  3811  3812  3813  3814
a   gh1:  3815  3816  3817  3818  3819  3820  3821  3822  3823
a   gh1:  3824  3825  3826  3827  3828  3829  3830  3831  3901
a   gh1:  3902  3903  3904  3905  3906  3907  3908  3909  3910
a   gh1:  3911  3912  3913  3914  3915  3916  3917  3918  3919
a   gh1:  3920  3921  3922  4001  4002  4003  4004  4005  4006
a   gh1:  4007  4008  4009  4010  4011  4012  4013  4014  4015
a   gh1:  4016  4017  4018  4019  4020  4021  4022
