

 MATRICES BY ZONES
 *****************


 Data matrices:         md10  : TrnCpc                                        Transit Capacity, scenario 42000                                                 (2026MA20 09:57:53)
                        md07  : TrnCpc                                        Transit Capacity, scenario 12000                                                 (2026MA20 09:55:46)
                        md08  : TrnCpc                                        Transit Capacity, scenario 22000                                                 (2026MA20 09:56:31)
                        md09  : TrnCpc                                        Transit Capacity, scenario 32000                                                 (2026MA20 09:57:15)
                        md10  : TrnCpc                                        Transit Capacity, scenario 42000                                                 (2026MA20 09:57:53)

 Constraint matrix:     none

 Submatrix:             750 zones

 origin destin md10            md07            md08            md09            md10           
               TrnCpc                                            TrnCpc                                            TrnCpc                                            TrnCpc                                            TrnCpc                                           

    222            .000            .000            .000            .000            .000 
    304            .000            .000            .000            .000            .000 
    412            .000            .000            .000            .000            .000 
    419            .000            .000            .000            .000            .000 
   1313            .000            .000            .000            .000            .000 
   1406            .000            .000            .000            .000            .000 
   1408            .000            .000            .000            .000            .000 
   1414            .000            .000            .000            .000            .000 
   1416            .000            .000            .000            .000            .000 
   1417            .000            .000            .000            .000            .000 
   1506            .000            .000            .000            .000            .000 
   1514            .000            .000            .000            .000            .000 
   1615            .000            .000            .000            .000            .000 
   1618            .000            .000            .000            .000            .000 
   1622            .000            .000            .000            .000            .000 
   1702            .000            .000            .000            .000            .000 
   1703            .000            .000            .000            .000            .000 
   1704            .000            .000            .000            .000            .000 
   1715            .000            .000            .000            .000            .000 
   1727            .000            .000            .000            .000            .000 
   1730            .000            .000            .000            .000            .000 
   1732            .000            .000            .000            .000            .000 
   1733            .000            .000            .000            .000            .000 
   1734            .000            .000            .000            .000            .000 
   1736            .000            .000            .000            .000            .000 
   1749            .000            .000            .000            .000            .000 
   1817            .000            .000            .000            .000            .000 
   1907            .000            .000            .000            .000            .000 
   2205            .000            .000            .000            .000            .000 
   2211            .000            .000            .000            .000            .000 
   2212            .000            .000            .000            .000            .000 
   2404            .000            .000            .000            .000            .000 
   2408            .000            .000            .000            .000            .000 
   2412            .000            .000            .000            .000            .000 
   3312            .000            .000            .000            .000            .000 
   3608            .000            .000            .000            .000            .000 

    sum            .000            .000            .000            .000            .000 
    avg            .000            .000            .000            .000            .000 
    min            .000            .000            .000            .000            .000 
    max            .000            .000            .000            .000            .000 
